0 0.456187 0.604014 0.051344 0.077194
0 0.340656 0.542938 0.051359 0.061986
0 0.850840 0.694007 0.089523 0.083181
0 0.521508 0.653722 0.071312 0.110250
0 0.362465 0.437431 0.033039 0.027917
0 0.314180 0.424035 0.026016 0.023625
0 0.246949 0.907264 0.098727 0.153556
0 0.877773 0.645674 0.082687 0.071264
0 0.576258 0.483083 0.050875 0.052889
0 0.774734 0.870417 0.118641 0.148306
0 0.371297 0.410361 0.031094 0.027333
0 0.597562 0.464785 0.029516 0.037181
0 0.267227 0.587076 0.047422 0.076542
0 0.700340 0.598917 0.066695 0.071306
0 0.227281 0.453229 0.033828 0.039625
0 0.263484 0.483833 0.035516 0.040722
0 0.236734 0.519500 0.035203 0.053028
0 0.715336 0.513646 0.055375 0.059792
0 0.409402 0.675194 0.059086 0.113833
0 0.284801 0.690958 0.060633 0.132806
