0 0.237344 0.523042 0.034516 0.047417
0 0.979398 0.580125 0.041125 0.071694
0 0.447281 0.573403 0.053781 0.065833
0 0.610254 0.474090 0.050336 0.051625
0 0.596523 0.529813 0.038641 0.048931
0 0.397578 0.657521 0.069687 0.137236
0 0.929129 0.608486 0.083602 0.075306
0 0.676910 0.580743 0.062211 0.066819
0 0.522504 0.693181 0.066523 0.116250
0 0.682719 0.721694 0.086203 0.128083
0 0.811191 0.676153 0.085023 0.082917
0 0.545895 0.584403 0.068789 0.100639
0 0.497906 0.485771 0.045547 0.043319
0 0.443602 0.468965 0.037391 0.041736
0 0.535875 0.437917 0.037516 0.029472
0 0.286488 0.632201 0.047742 0.073931
0 0.329867 0.546778 0.042547 0.059306
0 0.273605 0.591951 0.038789 0.060736
0 0.202523 0.478903 0.028922 0.048194
0 0.471594 0.424819 0.042594 0.041306
0 0.340465 0.494542 0.038117 0.049694
0 0.936516 0.692208 0.085641 0.076556
0 0.282738 0.782111 0.078508 0.169556
0 0.663152 0.476292 0.043758 0.030861
