0 0.294648 0.465049 0.040781 0.048986
0 0.561035 0.487951 0.042508 0.040986
0 0.597270 0.642035 0.068445 0.084542
0 0.434234 0.898958 0.104906 0.202083
0 0.632074 0.561153 0.052742 0.049917
0 0.985316 0.639861 0.028914 0.081111
0 0.857852 0.708674 0.104922 0.103764
0 0.662266 0.520486 0.052031 0.055972
0 0.382117 0.624201 0.050766 0.077236
0 0.830715 0.612056 0.071617 0.062139
0 0.307414 0.529340 0.047016 0.072653
0 0.239656 0.521167 0.040266 0.063167
0 0.569379 0.447528 0.035789 0.033972
0 0.252281 0.404299 0.029391 0.031986
0 0.853082 0.942514 0.107055 0.108250
0 0.345414 0.491312 0.041516 0.050181
0 0.340457 0.421069 0.031586 0.039028
0 0.423809 0.421687 0.037070 0.034153
0 0.507133 0.464465 0.040359 0.037986
0 0.273965 0.839493 0.085648 0.135764
