0 0.428449 0.501306 0.042602 0.048389
0 0.651250 0.521667 0.056250 0.040833
0 0.242266 0.468819 0.036406 0.054028
0 0.394109 0.691528 0.063375 0.093444
0 0.771859 0.541125 0.059500 0.048917
0 0.731211 0.624104 0.070703 0.069042
0 0.560852 0.510090 0.048672 0.048569
0 0.289469 0.501903 0.037484 0.041806
0 0.745027 0.559569 0.055695 0.054778
0 0.505129 0.446118 0.116180 0.130708
0 0.207344 0.485000 0.029219 0.058056
0 0.502387 0.554028 0.049195 0.056472
0 0.348363 0.429493 0.034727 0.028625
0 0.267316 0.539250 0.040164 0.069194
0 0.620637 0.550562 0.052273 0.055542
0 0.866848 0.720812 0.096039 0.097514
0 0.663109 0.493153 0.048031 0.037083
0 0.367051 0.510674 0.044227 0.054431
