0 0.565293 0.478840 0.051898 0.052153
0 0.800590 0.506889 0.063258 0.047667
0 0.567648 0.498556 0.055547 0.091250
0 0.778430 0.655236 0.084578 0.071583
0 0.332496 0.536979 0.043039 0.062375
0 0.301055 0.650069 0.051656 0.093056
0 0.424316 0.566549 0.052336 0.080403
0 0.821996 0.559021 0.068773 0.055764
0 0.709703 0.551840 0.060687 0.062014
0 0.506539 0.425083 0.101672 0.087083
0 0.387578 0.428278 0.030281 0.025750
0 0.363668 0.412097 0.021258 0.026444
0 0.342793 0.431701 0.026570 0.025986
0 0.371574 0.511660 0.039461 0.047014
0 0.651305 0.439451 0.123172 0.091403
0 0.963945 0.605701 0.072109 0.073319
0 0.623402 0.870097 0.114711 0.168528
0 0.258871 0.546056 0.041852 0.098833
0 0.682031 0.497563 0.052500 0.052875
