0 0.301063 0.596229 0.042797 0.074347
0 0.288840 0.439188 0.038117 0.040014
0 0.401395 0.419333 0.034227 0.030417
0 0.371930 0.477201 0.037391 0.039792
0 0.431273 0.509424 0.046672 0.062653
0 0.430336 0.571069 0.033922 0.061972
0 0.392000 0.635125 0.088031 0.195889
0 0.912617 0.597014 0.084922 0.051806
0 0.748547 0.577375 0.070609 0.064361
0 0.293238 0.778486 0.072430 0.150000
0 0.737738 0.492535 0.051555 0.051847
0 0.544289 0.733528 0.073797 0.110306
0 0.897281 0.460250 0.070922 0.064389
0 0.508844 0.566375 0.054641 0.063167
0 0.328020 0.541375 0.038570 0.062972
0 0.292254 0.506646 0.039008 0.062097
0 0.251699 0.551090 0.041086 0.049458
0 0.322051 0.417250 0.041477 0.034167
0 0.333816 0.486021 0.042555 0.046042
0 0.733559 0.803292 0.113539 0.172000
0 0.261977 0.484576 0.036422 0.038292
0 0.261008 0.456507 0.033031 0.038069
0 0.920074 0.553806 0.069227 0.053972
