0 0.323266 0.417500 0.027344 0.027083
0 0.430152 0.948646 0.132023 0.102708
0 0.971805 0.720333 0.056391 0.090139
0 0.825617 0.553174 0.072453 0.071042
0 0.765852 0.602361 0.068687 0.075500
0 0.559059 0.775174 0.082117 0.124764
0 0.835090 0.689382 0.090305 0.084542
0 0.485961 0.466681 0.033984 0.043111
0 0.630957 0.476410 0.049023 0.034847
0 0.621887 0.451340 0.045383 0.034208
0 0.555629 0.460847 0.035242 0.038972
0 0.282715 0.652715 0.056102 0.099875
0 0.323203 0.527639 0.045938 0.070000
0 0.502848 0.649896 0.069930 0.107847
0 0.245195 0.468882 0.037844 0.045958
0 0.474445 0.467375 0.056922 0.043306
0 0.347383 0.437917 0.029609 0.026111
0 0.390965 0.428611 0.032398 0.031389
0 0.262051 0.545375 0.041070 0.056361
0 0.615242 0.505340 0.049156 0.052431
0 0.383789 0.482903 0.041953 0.044556
0 0.314762 0.478424 0.042227 0.040875
