0 0.351699 0.472431 0.045352 0.065972
0 0.722699 0.548438 0.064523 0.070153
0 0.595125 0.528715 0.048922 0.060597
0 0.839027 0.618604 0.091758 0.080875
0 0.499820 0.556868 0.065250 0.073042
0 0.532348 0.674667 0.070008 0.105194
0 0.491508 0.462472 0.038531 0.040222
0 0.626020 0.499549 0.052102 0.053181
0 0.447813 0.457743 0.046500 0.048264
0 0.440617 0.581764 0.052109 0.067083
0 0.342871 0.543014 0.040086 0.067778
0 0.290262 0.600451 0.080523 0.170347
0 0.248219 0.519389 0.043484 0.078639
0 0.243555 0.431347 0.036406 0.033472
0 0.254859 0.457632 0.030250 0.034319
0 0.325719 0.418583 0.028406 0.027806
0 0.363789 0.435549 0.035875 0.034903
0 0.345895 0.423507 0.046477 0.012347
0 0.383680 0.429382 0.019719 0.019764
0 0.431355 0.422944 0.032664 0.030000
0 0.516105 0.440597 0.044508 0.040833
0 0.835828 0.557104 0.079297 0.077625
