0 0.264652 0.482014 0.040336 0.050972
0 0.528711 0.726479 0.068359 0.103097
0 0.718422 0.604090 0.064609 0.080347
0 0.276934 0.604681 0.046836 0.076667
0 0.456922 0.587201 0.055906 0.070347
0 0.386320 0.626479 0.060344 0.094069
0 0.482926 0.471910 0.041492 0.029542
0 0.575605 0.480167 0.052039 0.051056
0 0.613719 0.476444 0.036594 0.034639
0 0.306184 0.413299 0.020102 0.019597
0 0.482750 0.459958 0.040453 0.051111
0 0.773266 0.421319 0.049922 0.045667
0 0.257402 0.552694 0.041023 0.058750
0 0.584297 0.528889 0.050781 0.052417
0 0.785410 0.561549 0.099039 0.095264
0 0.850078 0.562049 0.061766 0.079153
0 0.211828 0.400500 0.026641 0.024861
0 0.249879 0.395785 0.025398 0.022819
0 0.407531 0.435194 0.030359 0.029944
0 0.373984 0.441424 0.035125 0.031403
0 0.816664 0.926639 0.152453 0.146722
0 0.453187 0.520458 0.047141 0.056444
0 0.345930 0.491326 0.042547 0.053319
0 0.433434 0.938229 0.132727 0.123542
