0 0.966914 0.711806 0.063047 0.083333
0 0.760188 0.406979 0.031969 0.045764
0 0.554570 0.467361 0.057578 0.054444
0 0.686523 0.742688 0.090188 0.116347
0 0.271941 0.832722 0.080508 0.161889
0 0.275813 0.707993 0.062688 0.101264
0 0.608117 0.889674 0.110719 0.182292
0 0.768801 0.568944 0.067367 0.067306
0 0.814422 0.519597 0.059906 0.057917
0 0.772852 0.652861 0.078312 0.090583
0 0.592676 0.466292 0.038477 0.039583
0 0.635223 0.557438 0.058961 0.051931
0 0.462691 0.949444 0.114289 0.095083
0 0.396406 0.447778 0.032672 0.030333
0 0.426871 0.435618 0.041570 0.040014
0 0.324102 0.418264 0.034297 0.040139
0 0.497332 0.481389 0.042758 0.038750
0 0.237047 0.407688 0.025531 0.019792
0 0.238625 0.533583 0.036172 0.046306
0 0.478777 0.610757 0.061773 0.091792
0 0.377152 0.619063 0.055086 0.091375
