0 0.464387 0.453063 0.035492 0.039847
0 0.324066 0.446236 0.039758 0.044556
0 0.173969 0.377292 0.064687 0.069944
0 0.274570 0.462660 0.035422 0.034097
0 0.382836 0.476181 0.033281 0.023750
0 0.462039 0.520611 0.050641 0.065194
0 0.990824 0.642319 0.018023 0.057972
0 0.438078 0.582187 0.048578 0.062819
0 0.623305 0.679708 0.078016 0.101861
0 0.292566 0.503799 0.040148 0.049764
0 0.262273 0.898542 0.121719 0.191667
0 0.842543 0.615944 0.072773 0.069472
0 0.616543 0.497646 0.051570 0.059653
0 0.736105 0.518403 0.052773 0.050639
0 0.700043 0.537701 0.057023 0.058625
0 0.476270 0.632667 0.059898 0.081889
0 0.543105 0.585076 0.056477 0.078542
0 0.660883 0.471688 0.046469 0.032653
0 0.516383 0.439236 0.046078 0.033750
0 0.378473 0.514556 0.044383 0.058472
0 0.328188 0.539361 0.042219 0.063167
0 0.230445 0.469806 0.032859 0.034333
0 0.551160 0.472118 0.048930 0.055625
0 0.778332 0.649854 0.087617 0.103319
0 0.284336 0.627111 0.061797 0.106611
