0 0.597602 0.826569 0.094047 0.139778
0 0.498109 0.628722 0.066484 0.102194
0 0.766156 0.642278 0.077375 0.085111
0 0.703902 0.503556 0.056852 0.056694
0 0.628617 0.510549 0.052250 0.047597
0 0.308668 0.521285 0.039961 0.057486
0 0.544996 0.502125 0.044727 0.050056
0 0.657918 0.699174 0.088586 0.113542
0 0.401004 0.677424 0.060992 0.114903
0 0.443539 0.502944 0.049437 0.066778
0 0.369398 0.587653 0.046719 0.076750
0 0.352504 0.413264 0.024742 0.037472
0 0.920125 0.654285 0.100234 0.108097
0 0.647332 0.567458 0.058414 0.050194
0 0.466789 0.448611 0.039234 0.035278
0 0.418047 0.433611 0.040781 0.037500
0 0.869828 0.931986 0.140813 0.136028
0 0.530223 0.583264 0.053602 0.064639
0 0.257504 0.481681 0.035570 0.042806
0 0.375293 0.520361 0.043930 0.047333
0 0.332449 0.481521 0.040055 0.045819
0 0.545469 0.459396 0.038437 0.038514
